# Created with:
#   get_obsids.py
# 
# ObsIDs:
1401382656
1401382952
1401726104
1401730280
1402069280
1402069576
1402073448
1402073752
1402416920
1402931808
1402935984
1403274984
1403279152
1403279448
1403622328
1403622624
1403626776
1403877984
1403881880
1403882176
1404225400
1404828136
1404832288
1405083632
1405087816
1405431112
1405435264
1405946064
1405950208
1406205552
1406209728
1406460776
1406461072
1406464952
1406465248
1406896264
1406896560
1406900416
1406900712
1407155944
1407503272
1407503568
1407758792
1407762952
1408101952
1408102248
1408106128
1408106424
1408361648
1408365800
1408366096
1408709272
1408964504
1408968656
1408968952
1409312128
1409571504
1409571800
1409914976
