# These are from the ULP website (https://ulp.duckdns.org/data/timing/10) using the following values:
# RAJ: 17:55:34.8700008
# DECJ: -25:27:49.100004
# PEPOCH: 59965.03767627493
# P0: 4186.32874813198
# DM: 1221.0
# ------------------
# Start date: 2024-06-02T00:00
# End date: 2024-09-10T00:00
# Telescope: MWA
# Observing frequency (MHz): 200.32
# Minimum elevation (°): 0.0
# Maximum Sun elevation (°): 0.0
# Output TOA format: GPS
# ------------------
# Copied here is the column called:
# "Topocentric TOA at 200.32 MHz for DM = 1221.0 pc/cm3"
1401362077.4060745
1401366263.6119804
1401370449.8182092
1401374636.0247612
1401378822.2316363
1401383008.4388347
1401387194.6463566
1401391380.854202
1401395567.0623708
1401399753.2708635
1401403939.4796798
1401445801.5856729
1401449987.798057
1401454174.010766
1401458360.2238002
1401462546.4371595
1401466732.6508439
1401470918.8648534
1401475105.0791883
1401479291.293849
1401483477.5088348
1401487663.7241464
1401533712.1140897
1401537898.3333154
1401542084.552868
1401546270.772747
1401550456.992953
1401554643.2134862
1401558829.4343464
1401563015.6555338
1401567201.8770483
1401571388.0988898
1401575574.321059
1401621622.7865467
1401625809.01265
1401629995.2390819
1401634181.4658418
1401638367.6929305
1401642553.9203475
1401646740.1480932
1401650926.3761675
1401655112.6045706
1401659298.8333025
1401663485.0623634
1401705347.3710744
1401709533.6037571
1401713719.8367696
1401717906.0701118
1401722092.3037837
1401726278.5377855
1401730464.7721171
1401734651.006779
1401738837.2417705
1401743023.4770923
1401747209.712744
1401793258.326718
1401797444.5663357
1401801630.8062842
1401805817.0465634
1401810003.2871735
1401814189.5281148
1401818375.769387
1401822562.0109901
1401826748.2529247
1401830934.4951901
1401835120.737787
1401876983.1819816
1401881169.4282246
1401885355.6747994
1401889541.9217062
1401893728.1689446
1401897914.4165149
1401902100.664417
1401906286.9126513
1401910473.1612175
1401914659.4101157
1401918845.6593459
1401964894.422806
1401969080.676024
1401973266.9295743
1401977453.1834574
1401981639.4376729
1401985825.6922212
1401990011.947102
1401994198.2023158
1401998384.4578621
1402002570.713741
1402006756.969953
1402052805.810256
1402056992.0704637
1402061178.3310044
1402065364.5918784
1402069550.8530855
1402073737.114626
1402077923.3764997
1402082109.6387064
1402086295.9012468
1402090482.1641204
1402094668.4273274
1402136531.0777364
1402140717.3446116
1402144903.6118207
1402149089.8793633
1402153276.1472397
1402157462.4154496
1402161648.6839933
1402165834.9528706
1402170021.2220817
1402174207.4916267
1402178393.7615054
1402224442.7522047
1402228629.0260901
1402232815.3003094
1402237001.5748627
1402241187.84975
1402245374.1249714
1402249560.4005268
1402253746.6764162
1402257932.9526398
1402262119.2291973
1402266305.506089
1402308168.2933846
1402312354.573952
1402316540.8548539
1402320727.13609
1402324913.4176605
1402329099.699565
1402333285.981804
1402337472.264377
1402341658.5472846
1402345844.8305264
1402350031.1141024
1402354217.3980126
1402396080.2555058
1402400266.5430942
1402404452.8310168
1402408639.1192741
1402412825.4078655
1402417011.6967916
1402421197.986052
1402425384.2756467
1402429570.565576
1402433756.8558397
1402437943.1464376
1402479806.070813
1402483992.3650901
1402488178.6597016
1402492364.9546475
1402496551.2499278
1402500737.5455427
1402504923.841492
1402509110.1377757
1402513296.4343941
1402517482.7313466
1402521669.0286338
1402525855.3262556
1402567718.3208668
1402571904.6221673
1402576090.9238024
1402580277.2257717
1402584463.5280757
1402588649.830714
1402592836.1336868
1402597022.4369938
1402601208.7406354
1402605395.0446115
1402609581.3489218
1402613767.6535666
1402655630.7184055
1402659817.0267282
1402664003.3353856
1402668189.644377
1402672375.9537027
1402676562.263363
1402680748.5733573
1402684934.883686
1402689121.1943493
1402693307.5053465
1402697493.816678
1402739356.9483776
1402743543.2633858
1402747729.578728
1402751915.8944044
1402756102.210415
1402760288.5267596
1402764474.8434386
1402768661.1604514
1402772847.4777987
1402777033.7954798
1402781220.113495
1402785406.4318445
1402827269.6337101
1402831455.9557338
1402835642.2780912
1402839828.6007826
1402844014.923808
1402848201.2471673
1402852387.5708606
1402856573.8948877
1402860760.2192485
1402864946.5439434
1402869132.868972
1402873319.1943347
1402910996.1376185
1402915182.4663188
1402919368.7953527
1402923555.1247206
1402927741.454422
1402931927.784457
1402936114.1148257
1402940300.445528
1402944486.7765641
1402948673.1079338
1402952859.439637
1402957045.771674
1402998909.1103876
1403003095.446093
1403007281.7821321
1403011468.1185048
1403015654.4552107
1403019840.79225
1403024027.1296227
1403028213.4673288
1403032399.8053682
1403036586.1437411
1403040772.4824474
1403044958.821487
1403086822.2302136
1403091008.5729191
1403095194.915958
1403099381.25933
1403103567.603035
1403107753.9470732
1403111940.2914448
1403116126.6361494
1403120312.981187
1403124499.326558
1403128685.672262
1403170549.1476212
1403174735.4969888
1403178921.8466892
1403183108.196723
1403187294.5470896
1403191480.897789
1403195667.2488215
1403199853.600187
1403204039.9518855
1403208226.3039167
1403212412.656281
1403216599.0089781
1403258462.5542583
1403262648.910617
1403266835.2673087
1403271021.624333
1403275207.9816902
1403279394.33938
1403283580.6974027
1403287767.0557582
1403291953.4144464
1403296139.7734675
1403300326.1328213
1403304512.4925077
1403346376.1076727
1403350562.4710188
1403354748.8346977
1403358935.1987095
1403363121.5630536
1403367307.9277306
1403371494.29274
1403375680.6580822
1403379867.0237572
1403384053.3897645
1403388239.7561045
1403430103.4377966
1403434289.8077948
1403438476.1781256
1403442662.548789
1403446848.9197848
1403451035.2911131
1403455221.6627738
1403459408.0347672
1403463594.4070928
1403467780.779751
1403471967.152742
1403476153.5260649
1403518017.2775795
1403522203.6545591
1403526390.031871
1403530576.4095154
1403534762.787492
1403538949.165801
1403543135.5444424
1403547321.923416
1403551508.3027217
1403555694.68236
1403559881.0623302
1403605931.2639315
1403610117.6478882
1403614304.0321772
1403618490.416798
1403622676.8017511
1403626863.1870363
1403631049.5726535
1403635235.958603
1403639422.3448842
1403643608.7314973
1403647795.1184428
1403689659.0061522
1403693845.3967485
1403698031.7876766
1403702218.1789362
1403706404.5705278
1403710590.9624512
1403714777.354706
1403718963.7472928
1403723150.1402113
1403727336.5334613
1403731522.927043
1403777573.278323
1403781759.6758826
1403785946.0737734
1403790132.4719956
1403794318.870549
1403798505.2694335
1403802691.6686494
1403806878.0681965
1403811064.4680748
1403815250.868284
1403819437.2688246
1403861301.2924333
1403865487.6966138
1403869674.101125
1403873860.5059671
1403878046.9111397
1403882233.316643
1403886419.7224767
1403890606.1286411
1403894792.535136
1403898978.9419613
1403903165.349117
1403907351.7566032
1403949215.8496277
1403953402.2607455
1403957588.6721933
1403961775.0839708
1403965961.4960783
1403970147.9085155
1403974334.3212824
1403978520.7343788
1403982707.147805
1403986893.5615609
1403991079.975646
1404037130.5523193
1404041316.970355
1404045503.3887196
1404049689.807413
1404053876.2264354
1404058062.6457863
1404062249.065466
1404066435.485474
1404070621.9058106
1404074808.3264759
1404078994.7474694
1404120858.9754558
1404125045.400058
1404129231.824988
1404133418.2502456
1404137604.6758308
1404141791.1017435
1404145977.5279837
1404150163.954551
1404154350.381446
1404158536.808668
1404162723.236217
1404208773.9608319
1404212960.3923018
1404217146.8240979
1404221333.25622
1404225519.6886685
1404229706.1214428
1404233892.5545433
1404238078.9879696
1404242265.4217217
1404246451.8557994
1404250638.2902029
1404296689.0901127
1404300875.5284178
1404305061.967048
1404309248.4060023
1404313434.8452814
1404317621.2848847
1404321807.7248123
1404325994.165064
1404330180.6056402
1404334367.0465403
1404338553.4877641
1404380417.9178035
1404384604.3625855
1404388790.8076904
1404392977.253118
1404397163.6988685
1404401350.1449418
1404405536.5913374
1404409723.0380557
1404413909.4850962
1404418095.9324589
1404422282.3801441
1404468333.3259184
1404472519.7774627
1404476706.229328
1404480892.6815143
1404485079.134021
1404489265.5868487
1404493452.0399969
1404497638.4934657
1404501824.947255
1404506011.4013643
1404510197.855794
1404556248.875626
1404560435.3338907
1404564621.792474
1404568808.2513764
1404572994.7105973
1404577181.170137
1404581367.629995
1404585554.0901716
1404589740.5506666
1404593927.0114794
1404639978.101395
1404644164.5660183
1404648351.0309587
1404652537.4962156
1404656723.9617894
1404660910.4276795
1404665096.893886
1404669283.360409
1404673469.827248
1404677656.2944033
1404681842.7618747
1404727893.924883
1404732080.3961377
1404736266.867707
1404740453.3395908
1404744639.8117888
1404748826.2843013
1404753012.7571278
1404757199.2302682
1404761385.7037227
1404765572.177491
1404815809.8871455
1404819996.3649828
1404824182.8431325
1404828369.3215942
1404832555.8003678
1404836742.2794535
1404840928.7588508
1404845115.23856
1404849301.7185805
1404853488.1989124
1404899539.503084
1404903725.9871438
1404907912.4715135
1404912098.956193
1404916285.4411821
1404920471.9264808
1404924658.4120889
1404928844.8980064
1404933031.384233
1404937217.8707688
1404941404.3576133
1404987455.7332606
1404991642.2238033
1404995828.7146535
1405000015.2058108
1405004201.6972752
1405008388.1890466
1405012574.681125
1405016761.17351
1405020947.6662018
1405025134.1592002
1405075372.099045
1405079558.5960171
1405083745.093294
1405087931.5908754
1405092118.0887616
1405096304.5869522
1405100491.085447
1405104677.584246
1405108864.0833492
1405113050.5827563
1405159102.0962574
1405163288.599302
1405167475.1026487
1405171661.6062977
1405175848.1102488
1405180034.6145017
1405184221.1190565
1405188407.6239128
1405192594.1290708
1405196780.63453
1405247018.723507
1405251205.2328732
1405255391.7425392
1405259578.2525046
1405263764.7627692
1405267951.2733333
1405272137.7841964
1405276324.2953587
1405280510.8068197
1405284697.3185794
1405330748.9676178
1405334935.4829524
1405339121.9985843
1405343308.514513
1405347495.0307388
1405351681.547261
1405355868.06408
1405360054.5811954
1405364241.098607
1405368427.616315
1405372614.1343188
1405418665.8518662
1405422852.373413
1405427038.8952544
1405431225.4173899
1405435411.9398196
1405439598.4625432
1405443784.985561
1405447971.5088723
1405452158.0324774
1405456344.556376
1405506582.8660095
1405510769.3937125
1405514955.9217076
1405519142.449994
1405523328.9785724
1405527515.5074418
1405531702.0366027
1405535888.5660546
1405540075.0957978
1405544261.6258316
1405590313.4753706
1405594500.008886
1405598686.5426908
1405602873.0767846
1405607059.6111677
1405611246.1458397
1405615432.6808004
1405619619.21605
1405623805.751588
1405627992.2874146
1405678230.7397914
1405682417.2793572
1405686603.81921
1405690790.3593493
1405694976.8997753
1405699163.4404876
1405703349.9814863
1405707536.5227714
1405711723.0643423
1405715909.6061993
1405766148.1307454
1405770334.6763093
1405774521.2221575
1405778707.7682898
1405782894.314706
1405787080.8614066
1405791267.4083908
1405795453.9556587
1405799640.5032103
1405849879.0959074
1405854065.6471353
1405858252.198645
1405862438.7504365
1405866625.3025098
1405870811.8548646
1405874998.407501
1405879184.9604187
1405883371.5136175
1405887558.0670977
1405937796.7307425
1405941983.287866
1405946169.8452692
1405950356.4029517
1405954542.9609134
1405958729.5191543
1405962916.077674
1405967102.6364725
1405971289.1955497
1405975475.7549055
1406025714.4888592
1406029901.0518253
1406034087.6150682
1406038274.1785877
1406042460.7423837
1406046647.3064563
1406050833.8708053
1406055020.4354303
1406059207.0003316
1406109445.8006306
1406113632.3691087
1406117818.937861
1406122005.5068874
1406126192.0761878
1406130378.645762
1406134565.2156098
1406138751.785731
1406142938.3561258
1406147124.926794
1406197363.7960763
1406201550.3702843
1406205736.944764
1406209923.5195143
1406214110.094536
1406218296.6698287
1406222483.2453918
1406226669.821226
1406230856.3973303
1406285281.9112334
1406289468.491109
1406293655.0712526
1406297841.6516645
1406302028.2323444
1406306214.813292
1406310401.3945074
1406314587.97599
1406318774.5577402
1406369013.5595376
1406373200.144749
1406377386.7302256
1406381573.3159668
1406385759.9019732
1406389946.4882443
1406394133.0747797
1406398319.6615796
1406402506.2486436
1406456931.9044418
1406461118.495187
1406465305.086194
1406469491.6774626
1406473678.2689924
1406477864.8607836
1406482051.4528358
1406486238.0451486
1406490424.6377223
1406540663.7688766
1406544850.3648233
1406549036.9610283
1406553223.5574913
1406557410.1542122
1406561596.7511911
1406565783.3484273
1406569969.945921
1406574156.5436716
1406578343.1416795
1406628582.3377533
1406632768.9390855
1406636955.5406723
1406641142.1425135
1406645328.7446086
1406649515.3469577
1406653701.9495604
1406657888.5524166
1406662075.1555264
1406716501.01892
1406720687.6255567
1406724874.2324438
1406729060.8395813
1406733247.4469688
1406737434.0546062
1406741620.6624935
1406745807.2706304
1406749993.8790164
1406800233.1990285
1406804419.8106384
1406808606.422495
1406812793.0345979
1406816979.6469471
1406821166.2595425
1406825352.8723834
1406829539.48547
1406833726.098802
1406888152.0943618
1406892338.7111087
1406896525.3280983
1406900711.94533
1406904898.5628035
1406909085.1805189
1406913271.7984757
1406917458.4166741
1406921645.0351138
1406976071.0966833
1406980257.718478
1406984444.3405108
1406988630.9627814
1406992817.5852897
1406997004.2080357
1407001190.831019
1407005377.4542391
1407009564.077696
1407059803.5775795
1407063990.2040966
1407068176.8308477
1407072363.4578326
1407076550.0850508
1407080736.7125022
1407084923.340187
1407089109.9681046
1407093296.5962546
1407147722.7832818
1407151909.414667
1407156096.0462813
1407160282.6781251
1407164469.3101978
1407168655.9424994
1407172842.5750296
1407177029.2077882
1407181215.840775
1407235642.0902686
1407239828.726427
1407244015.3628106
1407248201.999419
1407252388.6362517
1407256575.2733085
1407260761.9105897
1407264948.5480945
1407319374.85593
1407323561.496546
1407327748.1373827
1407331934.7784395
1407336121.4197166
1407340308.0612137
1407344494.7029305
1407348681.3448665
1407352867.987022
1407407294.3548954
1407411481.0000975
1407415667.6455154
1407419854.2911491
1407424040.9369984
1407428227.583063
1407432414.2293425
1407436600.8758368
1407495213.949195
1407499400.5988855
1407503587.2487874
1407507773.8989005
1407511960.5492244
1407516147.199759
1407520333.850504
1407524520.5014591
1407578946.9829018
1407583133.6367762
1407587320.2908576
1407591506.9451454
1407595693.5996397
1407599880.2543402
1407604066.9092467
1407608253.5643587
1407612440.2196765
1407666866.7574058
1407671053.415577
1407675240.0739505
1407679426.732526
1407683613.391303
1407687800.0502818
1407691986.7094617
1407696173.3688426
1407750599.958989
1407754786.621161
1407758973.283531
1407763159.9460983
1407767346.608863
1407771533.2718248
1407775719.9349833
1407779906.5983386
1407784093.26189
1407838519.90583
1407842706.5721076
1407846893.2385783
1407851079.905242
1407855266.5720983
1407859453.2391467
1407863639.9063876
1407867826.5738204
1407926439.9379156
1407930626.6082017
1407934813.2786767
1407938999.9493399
1407943186.620191
1407947373.2912302
1407951559.962457
1407955746.633871
1408010173.379213
1408014360.0532286
1408018546.7274284
1408022733.4018123
1408026920.07638
1408031106.7511313
1408035293.426066
1408039480.101184
1408043666.7764845
1408098093.5719483
1408102280.2497883
1408106466.9278083
1408110653.6060078
1408114840.2843869
1408119026.962945
1408123213.6416821
1408127400.3205981
1408186013.844077
1408190200.52565
1408194387.2073984
1408198573.8893218
1408202760.5714204
1408206947.2536938
1408211133.936142
1408215320.6187646
1408269747.5086384
1408273934.1936817
1408278120.8788962
1408282307.5642817
1408286494.2498384
1408290680.9355657
1408294867.6214635
1408299054.3075316
1408357667.9302533
1408361854.6188512
1408366041.3076162
1408370227.996548
1408374414.6856463
1408378601.374911
1408382788.0643418
1408386974.7539387
1408445588.425598
1408449775.1176581
1408453961.809881
1408458148.5022662
1408462335.1948133
1408466521.8875225
1408470708.580393
1408529322.2974348
1408533508.9927042
1408537695.6881316
1408541882.383717
1408546069.07946
1408550255.7753606
1408554442.4714181
1408558629.167633
1408617242.9309993
1408621429.629542
1408625616.3282382
1408629803.0270875
1408633989.7260897
1408638176.4252443
1408642363.1245518
1408646549.824011
1408705163.6322937
1408709350.334008
1408713537.0358708
1408717723.7378817
1408721910.4400406
1408726097.142347
1408730283.8448012
1408788897.6945047
1408793084.3991416
1408797271.103922
1408801457.8088455
1408805644.5139122
1408809831.2191217
1408814017.9244738
1408818204.6299682
1408876818.5216923
1408881005.2292914
1408885191.9370286
1408889378.6449041
1408893565.3529172
1408897752.061068
1408901938.769356
1408964739.4099734
1408968926.1204228
1408973112.8310049
1408977299.54172
1408981486.252567
1408985672.9635463
1408989859.6746576
1409048473.6439102
1409052660.3569674
1409056847.0701523
1409061033.7834644
1409065220.496904
1409069407.21047
1409073593.9241626
1409136394.6445575
1409140581.3602386
1409144768.0760417
1409148954.7919664
1409153141.5080128
1409157328.2241802
1409161514.9404685
1409220128.9810476
1409224315.6991167
1409228502.4173024
1409232689.1356044
1409236875.8540223
1409241062.572556
1409245249.2912052
1409249436.0099695
1409308050.084606
1409312236.8050642
1409316423.5256336
1409320610.246313
1409324796.967103
1409328983.6880028
1409333170.409012
1409395971.2371168
1409400157.9598422
1409404344.6826723
1409408531.405607
1409412718.1286461
1409416904.851789
1409421091.5750358
1409479705.711227
1409483892.4359963
1409488079.1608646
1409492265.885832
1409496452.6108983
1409500639.3360627
1409504826.0613253
1409567626.9518447
1409571813.6786387
1409576000.4055257
1409580187.132506
1409584373.8595788
1409588560.586744
1409592747.3140016
1409655548.23373
1409659734.9624236
1409663921.6912043
1409668108.420072
1409672295.1490266
1409676481.8780677
1409680668.607195
1409739282.823867
1409743469.554253
1409747656.2847207
1409751843.0152695
1409756029.7458997
1409760216.4766104
1409764403.2074018
1409827204.1787379
1409831390.9107785
1409835577.6428947
1409839764.3750863
1409843951.107353
1409848137.8396945
1409852324.5721107
1409915125.5671008
1409919312.3006704
1409923499.0343099
1409927685.7680187
1409931872.5017967
1409936059.2356436

