0.000000000000000000e+00
-1.328076669864978465e-01
1.725801301504556795e+00
1.457108201818236415e+00
3.119945991231237552e-03
-9.613841074594474678e-01
-7.990472086837986654e-02
-1.484500155012795641e+00
5.276255318929883309e-01
1.353445699612921382e+00
2.162063577172183837e-01
8.595835212637392697e-01
-2.998574575592498070e-01
-5.961384944375809347e-01
-8.162215490812889662e-01
1.179390287486163480e+00
-2.828154381610829549e-01
-2.746840969319837011e-01
6.529232313674240284e-01
1.574544254865749338e+00
1.303983995753259295e+00
4.816052156320062561e-01
3.042988485683285060e-01
1.451534920021118502e+00
-3.165844559049203477e-01
5.468095691544819781e-01
-1.038878153683026495e+00
1.651837489705008322e+00
1.089947702299555399e+00
-2.639806094011145632e-01
1.160831339200404932e-01
-5.707154529223040784e-02
-1.737623962822023582e-01
-2.422190634356089223e-01
-1.744111454685042695e+00
4.613561070079463255e-01
5.556391379445955181e-01
-1.905088552423135351e-01
-6.709050660077634509e-01
-1.018693090509696031e+00
8.452871951543285967e-01
1.010592384290605467e-01
1.715243365688277621e-01
8.095915389665148121e-01
-1.044488979321817723e+00
-2.085109255167143794e-01
-5.750868688122200423e-01
6.673574626695385481e-01
3.321661072180891461e-01
1.076079659139421274e+00
-6.455799672189291849e-01
2.928107437333321572e-01
7.023098288220449570e-01
1.428401269813939445e+00
8.677332804738339123e-01
1.441022946314347131e+00
1.038941255932357199e+00
-6.022415643926133377e-01
8.566184198063400146e-01
7.949403180918485079e-01
2.610051472932318206e-01
-3.257659172895496225e-01
1.476079465003208080e+00
-1.351084227533197735e-01
9.646380599828625613e-01
1.025953408918724996e-01
-1.067186679982821573e+00
-5.827413160735218645e-01
1.514862383810203994e+00
1.057253043150357952e-01
1.477761613155569531e+00
-7.793007797992512753e-01
1.629428756810701984e+00
-6.436965735534337929e-01
-8.139430506882106009e-01
-2.268390078658554798e-01
1.548526338119735231e-02
-1.181597424047645895e+00
5.363713664646803103e-01
-3.692219102462315772e-01
-4.084644507182508821e-01
1.115765629079020771e+00
3.816550176746206779e-01
1.728773304120934939e-01
-4.747013841833468972e-01
4.173975230795021196e-01
2.110055731149018121e-01
6.309027956786903424e-01
-1.450306996400606008e-01
-4.403140156463399291e-01
-2.241820359264204143e-01
1.615853650152339060e+00
1.055476505499768125e+00
-6.795014482726530192e-01
-2.691779517776516362e-01
-6.603725204316118758e-01
1.101418970556136578e+00
-1.197913975160958877e+00
-1.775917256508082742e-01
-1.137514942100195992e+00
-7.167191319885223011e-02
-5.003120516547344687e-01
2.596144321867808746e-01
-9.926522444037538806e-01
-6.627090457964904813e-01
3.405745600509516025e-01
-4.080794451786204369e-01
1.562302849603740551e-01
1.084284074341086423e+00
-2.275313613291507053e+00
-3.397387433293015402e-01
-7.982691668821354503e-01
-9.423982721195849344e-01
-5.281304976838375742e-01
-1.776738157998777323e-01
-5.625383003686024175e-01
2.868105236432398897e-01
-8.177288317739223045e-01
4.015270347451501132e-01
-4.256724316271571773e-01
-8.457932365915913353e-01
7.425303540514364142e-01
5.814647593108850376e-01
-2.506437225321203610e-01
1.448250259125219763e+00
3.560202578650422112e-01
-2.486205560213141930e-01
6.078995428526257072e-01
-9.823858442251146572e-01
5.149073933231899103e-01
4.819136720315663758e-01
-4.228794291736038269e-01
-7.320472070553304400e-01
-6.234323185250592037e-01
4.531197088662974326e-01
2.592060953763638542e-01
4.751926433987930243e-01
-7.816379401628815726e-01
-6.200764312341886519e-01
3.020282219128623061e-02
9.389240663333520143e-01
-1.000050407384396461e-01
-1.781282232805032617e-01
-1.608001384423474622e+00
8.102306668695175018e-02
-1.812703438039529047e-01
-8.155002362354999423e-01
1.036530753882596440e-01
-9.759317546741742844e-02
-1.375177032112582465e+00
3.692277325392089304e-01
2.530907084074849323e-01
-8.217510445529102592e-02
-3.629737586815035555e-01
-8.260680238576554313e-01
-3.443562323949689863e-01
4.234366971293807014e-01
-1.313970617067893032e-01
-6.558993144648470608e-01
1.004021830030185303e+00
-6.404359909722660005e-01
9.654093129842098442e-01
-9.709437762581653031e-01
-1.258347568514608383e-01
-1.249308980110768741e-01
6.331253027918672949e-01
-1.492928778569240000e+00
-1.847590645229864881e-01
-5.079265411480090586e-01
-1.976526947189213290e-01
-1.366644457498047138e-01
1.077377551180835225e+00
-8.558010365279555831e-01
-5.780816187400223960e-01
-7.556722611970594361e-01
-4.983967683300083440e-01
-2.950584450431710248e-01
7.868359076345710079e-01
9.086274334632573613e-01
2.042904835042843592e-01
7.453723512026478870e-01
5.182216840105434708e-01
-3.600807754676160766e-01
1.613795325565303695e-01
2.660131466921313859e-01
-7.592760472316603115e-01
3.484152908970606366e-01
4.893761418257291940e-01
-1.725272204296746770e+00
1.271872275155175647e+00
3.371282284915051997e-01
-1.654800452850282155e-01
-5.596997768748421254e-02
3.118417895117669425e-01
4.232349239217074732e-01
-1.099964130656171379e+00
-4.221472864613706188e-01
6.692080515783180861e-01
1.053251680282463409e+00
-6.246505214342998880e-01
-1.462120095236416173e+00
6.033721431840128879e-01
-3.854748081097351120e-01
-5.494620355813055468e-02
6.656281664369363416e-01
-1.246011526130067937e+00
-1.161651617202831277e+00
5.384748263292991055e-01
5.596337845284609092e-01
1.163226731918775680e+00
8.624752158581698858e-01
1.282600083066407770e-01
-3.211230005688632261e-01
-2.742104742018097174e-01
8.044323369157581061e-01
-1.730159919454700990e-01
2.826471654297081915e-01
-1.167164085736570600e+00
-3.641001213415043236e-01
6.484787027509808510e-01
1.315759088685650502e+00
7.783506179443038242e-01
-1.181888244865116455e+00
-1.194555823603299094e-01
3.129432707192527086e-01
-1.807583201459042055e-01
2.516175331429816864e-01
-6.829446328282660073e-01
5.862094240665379763e-01
-1.518212037871234099e-01
-5.190857858673461056e-01
-2.433649193269666333e-01
6.619178371885721390e-02
-2.590451810962348667e-01
1.154174463265579487e+00
4.245744568650222650e-01
-1.259703265779430037e+00
-1.026997852939191880e+00
-3.167830307843984561e-01
1.538334727217224529e+00
4.277291872965204300e-01
-3.114505320936256094e-01
-2.209769894236229652e-03
-1.229106823751461158e-01
2.032449552706071305e+00
4.751055561724787379e-01
9.559541235749451360e-01
1.716194031646852136e-01
-2.826417213426885566e-01
3.055130664482860192e-01
3.904883226367814597e-01
1.149931805978282734e-01
9.321142042775676373e-01
-3.897996455418427098e-01
-4.700638368623840102e-01
-1.001665433199495081e-01
-8.443705104412424500e-01
-2.553348799090389143e-01
-1.565572121325991273e-01
2.434111243197974728e-01
7.702055371125847705e-01
9.465659351752713224e-01
3.272673730052197416e-01
-1.025057795608649513e+00
-2.523284760273102403e-02
-5.566103572075910000e-01
-5.156157752200678512e-01
4.520361568274665065e-01
-1.387438649887944853e-01
-8.621876126689624886e-01
-4.864432568236648491e-01
-1.210519506075802498e+00
-1.438671265148685485e+00
-1.419599449210457109e+00
1.710668953148070104e-01
5.656112943230585666e-01
1.302382010647266775e+00
-7.710983349701603373e-01
7.322537566488631633e-01
-1.312854899698607580e+00
-2.463270116161442869e-01
-2.478259157123353373e-01
6.345246556580442787e-01
3.384003963567199791e-01
-6.879563394569624402e-01
-6.436646372253292947e-01
-3.124964842379086005e-01
-5.047124687992068370e-01
-8.363356659868781406e-01
-2.913703031937370791e-01
1.469851525837845285e+00
-6.012999889730299419e-01
2.462449950118718311e-01
-4.218477759814381889e-01
-2.078436149562988278e-01
-6.096601870870164142e-01
-6.961158009843519956e-01
6.782501230645745505e-01
2.318596603999308337e-01
-1.316220073856907702e-01
-9.955970636009643659e-02
1.244581964510529382e+00
7.982656884267098629e-01
-1.157866452408425451e+00
-2.545103996561878801e-01
5.536633996982551764e-01
6.947272896518373875e-01
-8.135239564136468315e-01
3.383866319666043454e-01
-1.676995006798064569e+00
1.423172543238027110e-01
4.337348607276143159e-02
1.051349099075282290e+00
-2.637712443123358952e-01
1.786944675020747386e-01
-5.014125182041543650e-03
4.937574000965553878e-01
9.925522612729296146e-01
6.474110397044016696e-02
-4.526442495048871306e-02
8.068951508773111181e-01
3.134999900450410881e-01
5.221408786430724591e-01
9.609966245645400473e-01
-1.240827624789288208e+00
9.654882387069860794e-01
1.674487892854184423e+00
1.453617229471147576e+00
2.138277417504834244e+00
3.490935853967468416e-01
1.098253097442804416e+00
5.453098642909971483e-01
3.402262252546459642e-01
1.990170320123264003e-01
-1.225948227176619776e+00
1.581876084423971818e-01
-7.752780349267110460e-02
-1.667377764034789489e-01
4.944093587842245396e-01
3.468782302649162097e-01
7.623454274080557758e-01
-1.374254641693210544e-01
-2.989466558599717660e-01
-5.724048333717668413e-01
2.065188735856737789e+00
3.316840834174726860e-01
7.158519952870683323e-01
5.708362739977818068e-01
5.228107385094714621e-01
1.593593274168217111e-01
9.851855771286437413e-01
3.857544844960007491e-01
-2.044905095550835494e-01
-1.066311848238587073e-01
-9.322497095246313759e-01
-5.080348118510238375e-01
3.420044111514433105e-01
-1.539107063483586391e+00
-1.926707467835216736e+00
1.729345730105498746e-01
3.581853076003541636e-01
-1.106730729397013280e-01
-1.588738987055765828e-01
3.156924914743009514e-01
-7.663355636243405211e-01
3.741560384895036839e-01
-2.592422992207855659e-01
5.901328488824227891e-01
-9.380581645850004646e-01
-1.006204220575776631e+00
4.727607385799209028e-01
1.585815496139851621e+00
-3.663798896750915524e-01
7.164724005365770143e-01
-6.741245653430226470e-02
1.909343274373242361e+00
-7.403171336917000467e-01
1.970487339067515498e+00
-5.800068938558726739e-01
-2.779475477430726205e-01
1.451727901381990593e+00
-2.004235355069685087e-01
-1.064132558284430541e+00
4.602905168686757253e-01
3.475977791795332728e-01
6.744010856139599497e-01
1.601417569591591927e-01
-4.646953771695475077e-01
3.495540008315826119e-01
1.080792126175681711e-01
7.876570978568606107e-02
2.049355805380394635e+00
1.471152877693211458e-01
-7.484788783358105047e-01
-9.217267915499814945e-01
-1.455284805468618048e+00
-1.945375952023519206e-01
-4.824827270928953860e-02
-5.829225126708345028e-01
-2.036885863568401733e-01
