0.000000000000000000e+00
-1.165735852902153757e+00
-6.939643602907372699e-01
-1.686787776038915831e+00
-1.884992291209287352e+00
-1.069551086792666528e+00
1.180829199230305077e-01
-8.272448060002174364e-01
-4.207691279245021621e-01
-2.839578341062147238e-01
-6.628440149186877184e-01
9.130916238744345437e-01
-5.711198321940258449e-02
-6.701310963272892884e-01
-1.039219834951361943e+00
-1.799400691232299621e-01
-8.594610563093772748e-02
-7.868549153171303656e-01
-1.344443773680845444e+00
9.314264476755004241e-01
-1.826901520817094948e-01
-1.949102342249338760e+00
-4.569846850447258912e-01
-1.459502941917655505e+00
6.622717446863450874e-01
-1.543715732494459481e+00
-3.670141449681668111e-01
-8.928921124827362554e-01
-1.358406752605874956e+00
-7.574430572967937314e-01
5.212493915310184578e-01
4.109234104138351773e-01
-9.412796950676716179e-01
-9.136727289453541734e-02
-5.058169677317209123e-01
-8.601962243800006513e-01
-4.793316951065695330e-01
-2.104038001419515913e-01
9.592551272943854457e-01
-6.160284667492686994e-01
-1.347291509673647303e+00
-7.597106512812280554e-01
-1.272727144919405307e+00
3.565251579928767622e-01
5.456509563057079237e-01
5.930326270233658992e-01
-1.355333325959183322e+00
1.758167679088886619e-03
2.009551266033372252e-01
1.217695050181712091e+00
8.425743846578299667e-01
4.046061396521298814e-01
3.197394446887983355e-01
-7.301894816539972188e-02
-1.418666152667668601e-01
1.976479145064488352e-01
-6.415244518596321388e-01
1.115590329206747278e+00
-4.077967303585854353e-01
-1.332762719253961947e+00
1.055519443566534044e+00
-1.209548155270816272e+00
-8.387507708822694585e-01
4.879194910212230063e-01
3.438490873467879294e-01
7.004413797795282504e-01
2.129636497039616438e-01
1.395168002672668939e+00
2.483852936931419397e-01
-5.427087306150946144e-01
-6.742896983213724216e-01
1.499987730725691193e-01
-1.387797894893493700e+00
3.494997844385298591e-01
-6.942925548119027734e-01
2.416782533190532600e+00
6.258579277670454077e-01
1.067028952226550365e+00
1.298760225586653494e+00
-9.091093248851275233e-01
-8.302660029663301577e-02
6.656611937206785568e-01
-5.247156147288801753e-01
3.392717069691255083e-01
-1.180396125042061595e+00
-5.329076354306994112e-01
8.075752533072061423e-01
3.894662136173937528e-01
2.469673891709465441e-01
6.417377253111233859e-01
-7.591790034321420633e-01
4.585496102704998966e-01
1.156254623380240654e+00
-1.733990013383829576e-01
-1.623108393890538848e-01
1.208582456593623400e+00
-7.408933676930974377e-01
4.894120212684341942e-01
-5.887996749426800402e-01
1.634677307299841953e+00
1.121014473081716423e+00
1.433897786250205586e+00
1.005432723460133682e+00
-7.540584576826299124e-01
2.193398890878796859e-01
2.001324622732250369e-01
1.295821657375637870e-01
-6.870571117311017328e-01
-1.487131631950916022e+00
1.063831340112735946e+00
1.364796306425197558e+00
-6.553414355477722719e-02
-7.030165335551059602e-01
1.628070393106795688e+00
2.549890725563490612e-01
3.068123011103590647e-01
7.226376993774290547e-01
9.541871891726527721e-01
1.466259767693560034e+00
7.170533985758631434e-02
1.574372011337902277e+00
6.649127932529875773e-01
8.778865466400045947e-02
1.165197657962305122e+00
1.825056311351975546e+00
7.124461004467960157e-01
3.150091923687026729e-01
-1.338696625177919097e+00
1.991520818278478822e-01
8.157040836045753585e-01
-1.196242728192924432e-01
1.673914622285656462e+00
-6.173881713369917534e-01
6.767940399280267805e-01
1.487999156141451174e+00
1.654522801849105162e+00
1.164156619464218112e+00
8.259308212352989287e-01
-9.602739309131318457e-01
1.355206588567292592e-01
-2.120384572827522240e-01
1.480444995222116589e+00
1.505281904669238280e+00
1.431308865752777715e+00
9.038316505426540193e-01
2.151440298018021835e+00
3.076422114037913880e-01
9.092072838473019836e-01
9.489711959610690195e-02
2.401768566702243479e+00
5.527727131886139844e-01
9.930349472276029932e-01
3.620776204840315815e-01
5.758751390908668499e-01
7.995928745546486693e-01
8.327228791796068563e-01
-5.036492001600535728e-02
9.218579873596497443e-01
2.541193942413730311e-01
6.298150267061101149e-01
1.134527947927374214e+00
7.225241640931674425e-01
1.644155549166249397e+00
2.815954508881683971e-01
7.927117260049880709e-01
1.167065004399650663e+00
5.940249683422293980e-01
1.131014982668823721e-01
5.643559481264861510e-01
-8.830341191768892317e-01
1.125606275642778709e+00
3.474581531194608636e-02
1.344889103626292437e+00
7.951563413458243579e-01
-4.424616556691897129e-01
1.262392949555606769e+00
-2.533115444038971931e-01
9.885294597272151762e-01
4.800999654654592441e-01
-9.313617669150722200e-01
8.807231098562264826e-01
-1.854280594348908517e-01
2.558370155885253960e-01
7.108497610475137396e-01
1.652440006656467508e+00
8.694288222415008649e-01
1.394703005266079821e+00
7.741012140955076948e-01
2.957742114778676989e-01
1.111007512958092525e+00
2.000795872272528975e+00
1.408312977749751838e+00
1.122170102070491282e+00
8.319737872749981555e-01
2.076221772019195277e-01
2.826983800279775916e-01
-1.024173696273434353e-01
-2.480645253918241921e-01
4.187710380013740519e-01
2.618346463474580110e-01
-1.191303615555190154e+00
-5.626788150476333961e-01
1.113672282891943643e+00
2.835616777068798444e-01
8.929520694177576212e-01
7.154305544437206121e-01
1.140794847620413943e+00
-1.676993937147904790e+00
1.941299022066377722e+00
1.183267804870104856e+00
1.531332283941375438e+00
-2.260348497821058622e-01
1.195108094857661452e-01
-5.797127993853936623e-01
-7.250534985906119667e-01
-5.153736418299443428e-02
3.260254441638144041e-01
2.156974610248312829e-01
1.767897701734208182e-01
-1.406645141804415466e+00
-1.413552326149536686e-01
2.440210754167169982e-01
1.302410038535976033e+00
1.304067259597384565e+00
-4.398718566714871492e-01
2.021189147627996618e+00
-3.499116987593602901e-01
6.642057415661871689e-01
1.385510013072019708e+00
7.895703781848902869e-01
-6.320428812271707830e-01
5.836062494245667365e-01
6.307359345520501259e-01
2.930206255349794287e+00
-1.599412550982957371e-01
-8.300290670362224163e-03
-5.391675046063014731e-01
-3.210881932820456308e-01
8.933790061047469644e-01
1.620288863755030007e-01
1.202163737799878396e+00
9.699802777238404339e-01
8.805463358903917737e-01
1.434538165406240795e+00
6.663130482732322335e-01
1.900821521289283833e+00
-5.799590560386764793e-01
-3.206976057482660569e-02
-1.428500797591637506e+00
-1.035567737083872064e+00
2.269106603933376487e+00
7.257288058155108024e-01
-3.823853141200074801e-01
6.863473059009628230e-01
1.537187927396119091e+00
-5.627150005205053263e-02
1.547739907292328652e-02
-3.832058537438438883e-02
5.588301173491043716e-01
-9.017476979034155793e-01
1.266394216426086405e+00
6.017971872230830632e-01
1.234589975898243708e+00
-1.094917278704395786e-01
3.592492442886326409e-01
-4.306575135518152936e-02
7.364088584607142440e-01
1.245522363540587513e-01
1.145449561639600322e+00
-9.388739656124692190e-02
1.852798467889449074e-01
5.723455259014625929e-01
9.198132964343394002e-01
7.725586567331429455e-01
9.887048746090643103e-01
-4.666983690933960982e-02
7.301580737371090590e-01
1.949869886675543507e+00
-2.027929116564390899e-01
-5.766299831515252494e-01
-4.028123359591763708e-01
3.196175529355169131e-01
3.575248959871963894e-01
-2.265561321968224406e-01
8.735417152930521900e-02
-9.296524095832786605e-01
-1.588872888268770600e+00
-7.096466374115627529e-01
-8.298557531923879127e-01
2.591988059418063872e-01
-2.637972537332208822e-01
-3.362349633415541716e-01
-3.133478740516680849e-01
1.504692961574808585e+00
-1.698699411399784642e+00
1.195679916983252156e+00
-2.780396621976658489e-01
-1.042484409155759906e+00
-9.620159107421528966e-02
-3.250572661890238080e-01
-7.850455422456391608e-01
1.151873183480144752e-01
2.540371133631937894e-01
-1.811370027163576035e-01
-1.361205665949626109e+00
7.447761170105079986e-02
9.719243079213457648e-01
-1.094143201703337009e+00
7.743132895804850924e-02
-2.393998350857841906e-01
-3.111148594142649215e-01
1.539168427931225436e+00
5.673004247282607826e-02
-1.090260449215239014e-01
-5.905099675807638088e-02
-2.977374657857929652e-01
5.688357742382257332e-01
-1.856209143520951343e+00
6.881698615070550584e-01
-8.095248236661710672e-01
2.511993232781949414e-01
-3.857642173781842820e-01
-1.160332024319398192e+00
-2.507431436790317769e-01
1.288769569956966111e-03
-1.319499406500648508e-01
-7.754902423761207420e-01
-5.118371874587320791e-01
-3.215689987050713294e-01
-1.391548654460496692e+00
-7.425520570222153838e-01
-3.885746419563960163e-01
4.378416287982013211e-01
-1.205464792907745553e+00
-6.125300074616597534e-01
2.838765508490914136e-01
-6.220868377631093571e-01
-1.777567526759506189e-01
-3.773118094154866153e-02
4.420603002189431030e-01
-6.718297217179833303e-02
6.251363385622432656e-01
8.173971975379055177e-01
-2.393948605531978635e-01
6.309550421398093523e-01
-1.183625629175873550e+00
-3.085504324435605072e-01
-4.898576219590370928e-01
-8.631833490604449155e-01
1.116546584333711678e+00
-6.317729566914646044e-01
-8.451622975971443408e-01
-1.044979335451332147e+00
3.370947249310893845e-01
1.323191414856353276e+00
-2.373159308822031299e+00
-6.135273904868252526e-01
-1.868908210531462777e-01
-8.385793575287785462e-01
-4.834935509224626560e-01
-8.675689455717304766e-01
-4.096023626278858520e-01
-1.867089821513570891e-01
9.743254403948268250e-01
-1.322195868983642386e+00
-5.181386925627207846e-02
-2.446598744094437006e+00
6.392976042678742976e-01
-4.078906585281085739e-01
2.767162535241595167e-01
-4.054189280468242229e-01
8.731357619311859164e-01
8.089555341457850268e-01
-7.341638337637926837e-01
-1.379232698874816032e+00
-3.139928556638679757e-01
-6.516197858717464042e-01
1.435634547455287180e+00
-4.797285744793874374e-01
-5.042980102510856710e-01
-5.825203358427354372e-01
-2.082345986925993875e-01
-6.598983171207470910e-01
-1.376848909182762259e+00
-3.378514298044974495e-01
4.355000802744114496e-01
9.270767321993303445e-02
8.998732906591930258e-02
-7.621652516626042928e-01
3.221898889239337427e-01
-1.847066771052443990e+00
5.233811979156646199e-01
-2.916391842018064562e-01
-1.203514991879577334e+00
-1.231120334788580628e+00
-2.581351192706205389e+00
-1.245078666568333992e+00
-1.667452830842875988e-01
-1.731270491251796440e+00
-3.202738163917834280e-01
