59966.0588310185194 2.157192271237469983e-01
59966.0589467592581 9.696656625077205993e-02
59966.0590624999968 4.021442595662273467e-01
59966.0591782407428 8.257507571308708716e-02
59966.0592939814815 2.902688705958973367e-02
59966.0594097222202 -3.640448783863887705e-01
59966.0595254629661 6.807035916226100540e-03
59966.0596412037048 -1.946108929827541079e-01
59966.0597569444435 -1.548235594814051375e-01
59966.0598726851822 5.377120015291107780e-02
59966.0599884259282 -3.301194734598184716e-02
59966.0601041666669 8.962862064906096382e-03
59966.0602199074056 1.403411141367614245e-01
59966.0603356481515 -2.401148055358308109e-01
59966.0604513888902 -1.573498474907160660e-01
59966.0605671296289 9.864273129697574694e-02
59966.0606828703676 4.674343444073569276e-01
59966.0607986111136 2.404539113293036739e-02
59966.0609143518523 1.357272344722743884e-01
59966.0610300925910 -1.820799807068907913e-02
59966.0611458333369 4.293976331131491575e-01
59966.0612615740756 4.683185114968002050e-01
59966.0613773148143 8.974294900491915916e-01
59966.0614930555530 1.179026200680462377e+00
59966.0616087962990 1.138868711891954044e+00
59966.0617245370377 1.386536881502622665e+00
59966.0618402777764 1.571367060277692129e+00
59966.0619560185150 1.816506734985579685e+00
59966.0620717592610 1.501007984047443511e+00
59966.0621874999997 1.671399014245190884e+00
59966.0623032407384 1.135261030276687677e+00
59966.0624189814844 1.490204883605072528e+00
59966.0625347222231 1.393853269816779816e+00
59966.0626504629618 1.499974021644472799e+00
59966.0627662037004 7.083828158210295767e-01
59966.0628819444464 8.363606901948529293e-01
59966.0629976851851 6.092591246091131341e-01
59966.0631134259238 7.082904008833806886e-01
59966.0632291666698 7.166038811388881768e-01
59966.0633449074085 3.201516597196349956e-01
