0.000000000000000000e+00
-1.267997032090006027e+00
-6.306235267110277265e-01
-2.513976946313371541e-01
-2.432511286708965437e-01
-7.229488650734775534e-01
9.444854894819372515e-02
2.406608113509551838e-01
-2.311058275054335073e-02
-3.596235394527882989e-01
1.165617396754911606e-02
-1.173690884932609313e+00
-2.515730963159584777e-01
-8.114968161504465538e-01
8.936541663004703429e-01
1.455332622550941368e-01
4.755347502824843753e-01
-3.216823026136343966e-01
7.395067938200333701e-01
3.305631312817505219e-01
1.058285609959313422e+00
-5.349208705337407110e-01
-1.466752757514904193e-01
1.523722234314154989e+00
4.848623421441995984e-01
5.097303741556666878e-01
-2.769943184398385508e-02
-2.937036348611587466e-01
1.002229338598285890e+00
1.118544994874844267e+00
-4.152347043042571850e-01
-7.586837015931575424e-03
4.390442329328292370e-01
-5.635679227119007040e-01
-1.387303503942654836e-01
-4.539306279885055861e-01
3.251778865952040243e-02
-6.883836857111457208e-01
-1.989595821916517460e-01
1.155044575829383247e+00
2.071254505848721283e+00
6.313767893656599961e-01
6.116164124658440837e-01
5.069430489482699281e-02
8.953820314131805125e-01
-1.953904600886219867e-01
1.444352531374419324e-01
-6.855704760275254106e-01
4.474260691161832115e-01
4.986111909615484339e-01
-1.319046160282678626e-01
5.495887089035462747e-01
3.623122133595915728e-01
-3.842498615500272718e-01
-6.752968781688853950e-01
4.559668310910135886e-02
2.256542641614155686e-01
3.978230979436258585e-01
-1.753997564478317062e-01
-1.627510708588130461e-01
-2.414410989194130108e-01
-2.311927760489552952e+00
4.323082376325185217e-01
7.213915282425334419e-02
-1.044821387142884417e+00
1.264698896904378422e+00
-4.762977854267420597e-01
8.963159856505205081e-01
-3.659292980765959102e-01
-8.532389397522933683e-01
-1.653863746891119479e+00
-2.275979780718249690e-01
-6.245830573565044341e-01
-1.649434978171859800e+00
-1.131570137420994770e+00
-1.356506217702877493e-01
-1.489617870513681719e-01
-3.331024118936811163e-01
-7.690927990735113573e-01
-2.882966942951729061e-01
3.610404799173446699e-01
-4.658258765527080736e-01
-7.999489638140414582e-01
1.949480368617843573e-01
8.578588935516096026e-01
-5.983930412736572224e-01
-7.187842044443554235e-01
-3.240336737066933925e-01
8.886252199183789502e-01
2.110267381139380727e-01
-9.666725437113679598e-02
-1.118446266906895747e+00
-1.227028284514032119e+00
-4.236470560743503810e-01
-7.980386744862035808e-01
-3.148785571519166493e-01
8.570145427029385310e-01
2.499743581516584434e-01
-2.467241875447378774e-01
-6.870723072871456338e-01
1.514860666094708722e-02
-2.324274169259047118e-01
-9.323557157812152330e-01
-1.738660413205207478e+00
1.030346917192802719e-01
-3.497074558414496881e-01
4.678276238504263107e-01
1.184255566141175997e+00
-3.184700302683328155e-01
-1.845105549230382780e-01
-2.221029073387913721e-01
5.190714053288685292e-01
6.388125760431897504e-01
-3.873272681141219365e-01
1.444941438181321258e+00
-5.361215343013615575e-01
1.003305022110625666e+00
-4.850494079875797282e-01
2.053877802455053581e-01
-7.611163803822820206e-01
-3.250971036328115238e-01
6.275756458634251800e-01
9.535092890518154229e-01
-1.321543664802384610e+00
3.168341758245331596e-01
-2.252742870265383446e-01
7.863633358329820133e-01
-4.568231017844246455e-01
4.238599434548250278e-01
2.999388401404255999e-01
-3.099872171545248745e-01
-6.887761537415574287e-01
7.960066990082299565e-01
-2.498803730847686810e-01
-1.572480738391252020e+00
3.888420803886660226e-01
1.374207748156031306e+00
-1.568924877402382512e+00
-6.708882228208656873e-01
1.896193019803650570e-01
1.286226880355729740e+00
-5.783039088348959078e-01
-1.277827127258602591e+00
-1.674908804730162459e-01
-5.757659639576759303e-02
-7.879540737195106503e-01
8.594863137569103140e-01
2.714135185075697843e-01
3.176791439166077868e-01
7.225098429265944810e-01
-1.082938694971967486e+00
-1.314985761776663153e+00
1.223565794199649837e+00
2.969624960866318331e-01
-1.033131673951219298e+00
-3.231999696900812458e-01
-8.616090140740597647e-01
-1.164593153052173591e+00
5.947806074568856571e-01
-5.059299411434183685e-02
-2.393361265313578290e-01
1.958970867171888175e+00
-7.634642498415563638e-01
9.584328704042531788e-01
-6.222460971708341226e-01
-2.302920852204684288e-01
1.564933908466179746e+00
1.819626557214299334e+00
-2.786163920616109291e-01
-1.111285642876692348e-01
7.737367488904074442e-01
-1.431354926945336059e+00
4.847608791911146575e-01
2.255656756079331970e-01
-6.336421175462060296e-01
5.256774363363839742e-01
-2.673505352242852018e-01
3.546917381709581152e-01
-1.019725187843635528e+00
3.025486180218811549e-01
-9.120692315303645659e-01
-9.188165119416118465e-01
1.792078388939359890e+00
1.121233234820919966e+00
5.793743278572229677e-02
-1.212287437721590484e-02
4.329531281993476699e-01
2.190580666659704967e-01
-1.444245001883643242e+00
-4.906411408289887977e-01
4.223245285759202328e-01
-8.249610632128381305e-01
1.126766920379501657e-01
-1.481867539869472061e+00
-1.468430380216900477e-01
-3.092786977113440861e-01
1.196448547599479717e+00
1.525118965309886665e+00
-1.454426508836040188e+00
-3.038665125287091581e-02
-1.449441221883869257e+00
-6.927759569995544098e-01
-7.863375078749085256e-01
-7.206304050839064113e-01
-8.278184985320683476e-01
-1.463742421205525890e+00
-8.435075442925703548e-01
3.192778118345315774e-01
-1.041018021981988820e-03
8.887454777812944240e-01
3.120737882114202333e-01
4.852827631816654663e-01
-9.047119396327764074e-01
4.178392144852107748e-01
-8.160530437300702600e-01
-4.684855765557802698e-01
-1.146570716494648812e+00
9.229845142815371606e-01
8.344848201727861348e-02
4.419648275177142510e-02
1.271545238480393213e-02
-8.790942015133672571e-01
4.851923289594631261e-01
6.416095856688515120e-01
1.186154998232412106e-01
-9.373330080196967673e-02
2.083252112024939762e-01
-1.659604495417531800e-01
-4.345472521918478659e-01
9.555968268951048339e-01
6.035831335402289666e-01
8.414310941061806659e-01
-8.848747117951024643e-01
3.543390213781326681e-01
3.959900632069195958e-01
-8.339119656238429545e-01
1.286308703118248298e+00
-3.510406665408837834e-01
-3.571688458424053525e-02
-5.431697867989501161e-01
1.104136074005164003e+00
1.142213943135376164e+00
1.296192338456328974e-01
-3.350947596881052593e-01
7.994077780228478480e-02
8.659781419328722585e-01
1.176206097675339013e+00
-1.847209952950607192e+00
2.193561417415405002e-01
-5.179256394307641953e-01
1.553387740270268380e-01
1.078191871405164218e-02
-3.717238220334252996e-01
-8.000014965641355502e-01
6.326750471682525134e-01
-5.521529707673134349e-03
-5.179049027546295259e-01
8.879943005962083191e-01
-1.137224283555396953e-01
1.371845223172807993e+00
4.572512599391407861e-01
7.447925278375355784e-01
-2.900284711159201168e-01
-2.232233834532289518e-01
-7.616292838562830347e-01
-1.199003857995942224e-01
1.974034542739360854e+00
-2.540384043189211627e-01
1.828369989793710237e+00
3.969613166469470045e-01
-1.136287339725404300e+00
1.894614732848831640e-01
-1.526653174763682008e+00
3.630221074228440759e-01
-1.421382176732731706e-01
-1.495017922620935691e+00
6.240154912676951771e-01
-1.063863824060751417e+00
-2.539797839956626224e-01
1.412710268105172196e+00
6.255344719898179306e-01
-1.409315597712653204e-02
1.956353424467937252e+00
4.141798610797652880e-01
1.359474297599403192e+00
9.533715078537975396e-01
-9.685962016549556353e-01
-5.585300955644671994e-01
1.127190877814451958e-01
6.986384119926000169e-01
3.143547528736699848e-01
1.272547007357749616e+00
7.411647602790153444e-01
-6.685772988408842377e-01
5.496742568809358520e-01
3.372800947224059431e-01
-6.034798894627972921e-01
8.518216327223843143e-01
-3.992647909161616271e-01
6.350175992729880647e-01
-5.081783539602852118e-01
-1.113847138933538927e+00
8.078070517941642326e-01
-2.287703053283235977e-01
-1.004886751305175574e+00
-1.830565962412993020e-01
1.203180041202590367e+00
1.878494692341084349e+00
-1.258733213501957993e-01
1.957217079608764565e-01
-1.140258717238808117e+00
2.015697380307166942e+00
-5.014407847047795963e-01
-5.845229181529620899e-01
-8.171697379317427457e-01
-3.118117017654310485e-01
1.034766139495037485e-01
5.770084673083337307e-02
-2.044316045266607318e-01
-8.133233894413882670e-01
9.872785391051174253e-01
-7.326569200927016690e-01
-4.122775386643621753e-01
8.675380447212824309e-02
9.292901566585554107e-01
1.068551616895458078e+00
-5.683907463423715223e-01
-8.928560070996763853e-01
-1.379479902099678412e+00
-4.995363419871699517e-01
-8.261535171256693122e-01
-8.244310352412742571e-01
-7.918172140195073316e-01
1.045593417250894719e+00
1.267796689966288470e-01
-7.326759031009425494e-01
-2.928395614525629576e-01
-1.797571247258576532e+00
-2.489639681106175839e+00
-8.200279475663564410e-01
8.742766455833984596e-01
2.490470477564907248e-01
1.313183958818685548e-01
6.188604132318490519e-02
-1.059558253753450474e+00
-8.230122491079977509e-01
-1.781640262300757449e+00
7.105320758916752744e-02
-4.409519265225264051e-01
-6.991566934360475827e-01
1.559028377630753137e-01
4.476839386226670325e-01
-1.528802407275205166e-01
8.344127278289460437e-01
-9.144154168491455126e-01
-8.117419549605696671e-01
1.190994255241944133e+00
-6.785743679602286305e-01
-1.141985794751042782e+00
-7.648368314849980365e-01
-2.308147547631158591e-01
-5.555598326628592432e-01
-3.180315425461352485e-01
-3.205957098276908668e-01
5.529546071761850534e-01
-9.230538388412736772e-01
-9.022980140349959322e-02
-1.306933406955712140e+00
-1.559365308536630135e+00
1.151387765366512328e+00
5.301312353386392617e-01
5.539494335502899158e-01
7.515807292615099833e-01
-3.722091003725589986e-01
-7.410628726371831787e-01
-2.882165945336064294e-01
5.896629134845986497e-01
1.897929948353952734e-01
1.849700771557193923e-01
1.309041246711786455e+00
7.854203260169819734e-01
1.087249631844709463e-01
-3.145547754860102407e-01
-1.773734497148410805e+00
1.162613963853346588e+00
-2.751664587923813299e-02
-1.108667066264666490e+00
-1.048589775367855470e+00
-2.980055764943072005e-01
2.009548862280781112e-01
1.395123378798222291e-01
1.301655433582448451e-01
-1.238287620895929947e-01
-4.044062660701418233e-02
3.316081070121826291e-01
1.355091047707009666e-01
4.775344985767723816e-02
-1.537317723575176265e+00
4.623943725142252714e-01
-1.044362358240082056e+00
