0.000000000000000000e+00
-6.313168149405795626e-01
-1.672574497089402090e+00
-2.736795091095198251e-01
7.254767418986268757e-01
2.746258945987263278e-01
-5.218541402717054023e-01
-2.100286384412345164e+00
-1.801550280310383056e-01
-1.734314692917404921e+00
2.928413546829323755e-01
7.376737263534766109e-01
8.274485107353557467e-02
-1.305323642271197515e-01
-1.266315182068114276e-01
-7.482774935256472082e-01
-5.756593234338668319e-01
-2.455206397147212116e-01
-1.832285676389827200e+00
-1.435159403053650529e+00
-1.926388421826887853e+00
-5.153227967725187986e-01
8.351881907385906301e-01
-4.289463392905856765e-01
1.880364426883642248e-01
7.082287278175221079e-01
-3.585742565969686213e-01
-3.371302793767869677e+00
3.024061345631746667e-01
4.813848542683683840e-02
-9.426378373074225658e-01
1.831214675589401758e-03
-3.201301440836125667e-01
1.036807660191544134e+00
1.668691938740053615e+00
-8.024392079823668145e-02
-8.169497609417895045e-01
-2.925614322244735055e-01
-8.898337999252268204e-01
1.213472631371799393e+00
4.735995903714383948e-01
2.233572571632695958e-01
-7.922872106961686978e-01
-2.108339501448044107e-01
1.293141491030426415e+00
-4.435225362212590894e-01
-4.609268748028733098e-01
1.055809067001144852e+00
-5.060977623360633088e-02
1.432225716511195124e+00
-1.022959563255989135e+00
-1.886273747429787206e-01
3.299489895083609348e-01
3.655654720945460956e-01
-7.516917877586105634e-01
1.688851898504801552e+00
9.270636678195787184e-01
-3.254625160389416072e-01
2.337274557910383188e-01
-3.338347136433931217e-01
-3.201287664663113319e-01
1.412832798770583764e+00
8.490755445497748521e-01
-7.251612605851331939e-02
1.761975373433071757e-01
-1.430978359685937118e-01
1.939344776490461719e-01
1.736736896682440912e-01
-4.791272567201985133e-01
1.675159636872373570e+00
-2.137066514272880635e+00
2.659566567339125553e-01
3.275139892721028456e-01
6.099079474744738549e-01
1.492757323630646837e+00
-1.438401040831700950e+00
-1.389133172251736159e+00
6.627805802861690410e-01
-1.323761297229360645e+00
-2.002984912887230406e-01
-4.485942526334205788e-02
-1.005713320154395962e+00
-3.940824261980584997e-01
-1.368636611963633509e+00
-3.120251140661986500e-01
2.030121999482576989e+00
-4.955380417950387695e-02
-2.204426519494939452e-01
1.109718267004510123e-01
1.149781807323452698e+00
-1.219773665614353186e+00
1.358666085960536507e-01
8.097513368777456977e-01
1.105316017748287777e-01
-1.937813663431310340e+00
-1.172801181425451977e+00
-1.239222408128663744e-01
1.360110322302365171e+00
-5.180391389457434936e-01
4.536155888825309512e-01
-7.126613199257467723e-01
3.417319839167177742e-01
-7.635806384901173693e-01
1.741502304771552323e+00
-4.478122422368811528e-01
-5.040314376733801005e-01
-2.033781751199835730e-01
9.376872039254032787e-01
-2.157286445955174103e-01
-7.415555259730109983e-01
1.212903349972421330e+00
-6.600105201660835252e-01
4.782784962280766661e-01
-2.241461035568920734e-01
5.768474961959680902e-01
1.308065578955297070e+00
-1.087176416345802865e+00
-7.122620556682107695e-01
-2.652636299801214292e-01
1.193430456487325209e-01
3.063357061755433430e-01
4.002123428054756848e-01
1.070044344877243286e-01
-9.750174629878798349e-01
1.149311681860602397e+00
4.203342154982995238e-01
-8.727285258419640313e-01
-4.378842345995669350e-01
-4.480435883971072286e-01
-4.796328270444139008e-01
-2.625681025837749982e-01
-6.045847453940144528e-02
-6.997416894329619996e-01
1.971810237729021142e-01
-5.846965472709849676e-01
-7.325150862213235525e-01
-5.081806939348515462e-01
-5.770122205129886162e-01
8.627986179271416312e-01
-7.685340492410188684e-01
1.569562941900157493e-01
3.031707630556003119e-01
-1.599985699653615256e+00
-8.205664226804942896e-01
3.183082628279296222e-01
-8.427604525169302141e-02
-1.505461846135679904e+00
1.326067324643602774e-01
-5.522221503319764135e-01
-2.718266868109008860e-01
-6.529822293234690544e-01
4.281964693037240699e-02
-1.732563037574893494e-01
1.307436576625521651e-01
6.600541960921093576e-01
-8.966157225560779246e-04
-1.773425625692135466e-01
-8.513420585836339871e-01
5.651680806142942437e-01
9.111927953136680358e-01
-6.370916665302061022e-01
4.177581731963301293e-01
9.922755089704903275e-01
-9.964263192561432225e-01
2.885364524002747566e-01
1.182895071462839454e+00
9.016926762879107216e-01
-1.741502271178025474e+00
-4.313872317683092317e-01
2.302497854158822299e-01
-5.280818695244164918e-01
5.991776877522372313e-01
4.996628232478581011e-01
-5.903757813047525449e-01
1.400954108160066713e+00
-6.579127532977910864e-01
2.645722169132385670e-01
-4.759665347658704748e-01
-1.313067932952592318e-02
1.143445441140788610e+00
2.331151593123554355e-01
-1.079228115650356035e+00
-3.280475150646683935e-01
4.287329289735595239e-01
-2.471472043119905815e-01
6.902515001882107981e-01
-1.450767466965219743e+00
7.696688461132625281e-02
5.517517634736712751e-01
2.360876882415733624e-01
6.394191855585636963e-01
7.447630333884314169e-01
8.373680716735497354e-02
6.641155695166968131e-01
-4.543259948336801357e-01
-2.234289450696671370e-02
2.323291691953217331e-01
1.568909486868606651e+00
-6.752492581500626478e-01
-1.373492605923153809e+00
2.156298615153800224e-01
-5.825505921693330258e-01
1.104411370637689682e+00
3.637333691297403582e-01
1.393845110837759194e+00
1.069000638823935478e+00
4.886263184434846418e-01
1.154269101372224604e+00
-2.068268454525927155e-02
1.540224878862699598e-01
3.158909229114107570e-02
-1.875640884025787214e+00
4.534371241699701183e-01
-3.665738236534422656e-01
-4.919572868203406779e-01
-1.308122771674125939e+00
-3.217318651549517239e-01
-2.933411799987685198e-01
-4.328154544173211105e-01
6.695461691753492595e-01
-9.895293166174343180e-02
-2.132906073487629214e-02
1.532302960186762708e-01
-3.084487211914151983e-01
1.822962218903321885e+00
2.188242850847628707e-01
-2.131271129159459488e+00
2.342628102134623191e-01
1.253712276132015413e+00
4.652906072866832554e-01
7.237633538391368138e-01
4.012835436471667294e-01
-8.356155163211689829e-02
-2.506841041108352486e-01
-1.716644575563897046e+00
1.527180574036079708e-01
2.775336671443738190e+00
3.655723768471134116e-01
2.139173449483427747e-01
-3.448835409415847431e-01
6.809953896811985485e-01
-2.836531998526801712e-01
2.859022307823834153e-01
3.642246186171588795e-01
-8.218340298402453115e-02
-4.811349863174699815e-01
-5.520665484296982672e-01
-3.295405883159697180e-01
1.920786402834783746e-01
1.055105391190386266e+00
-4.562096624707651094e-01
1.505747472748934168e+00
7.309433080712286479e-01
-1.633671874974978455e-01
-4.398136138599142431e-01
-1.274394449084207404e+00
-1.811436223769328363e-02
1.795398978401510290e-02
-3.083657659940757245e-01
1.182187026991975198e+00
-1.089437431631109510e+00
6.661546112541321119e-01
9.631066225996780528e-01
-2.746071376533644748e-01
9.604964174798773513e-01
-5.256963366750679878e-01
-2.628646253907437891e-01
6.203510494806350334e-02
-3.726155645071855260e-01
-3.180899665281067268e-01
-1.703721840873561488e+00
-9.263004602053909187e-01
1.314087542477004211e+00
3.332887395583379875e-01
-3.833050591694668885e-01
1.030506637305449003e+00
-1.689982068643754332e+00
-4.061535717221815833e-01
-9.140416949680603143e-01
-1.063028716393147777e+00
-2.288390657940068407e-01
1.062748532539234292e+00
-9.586085216785261709e-01
1.178016745528217835e-01
1.036116589965878187e+00
-9.780223470356740056e-02
1.137756435141427547e+00
-1.566647302825213972e-01
-7.047463273524422478e-01
6.289457324874300204e-01
9.502756148046359597e-01
-2.237016957811827633e-01
-6.858784396220106716e-01
3.391513026801710740e-01
-6.545574142742632828e-02
3.532348619196200579e-01
5.082039264426315706e-01
-6.146552293570655134e-01
-1.976890388074030502e+00
1.322362727719424424e-01
-9.321567883330691417e-01
-6.614975604186752456e-01
-5.513752196080380641e-02
-7.355786443813436826e-01
6.764481703360850640e-01
-1.581859164516189908e+00
5.821062174643407833e-02
-8.994298732263289464e-01
5.857418223505337362e-01
-6.991221834146177372e-01
-2.037893290460038198e+00
1.824058663985915762e-01
-2.890008037218147474e-01
3.230821225615702064e-01
3.882548798477058472e-01
-9.214022573891823553e-01
-4.162379373228298762e-01
4.936312149589587861e-01
-1.448126815860192096e+00
1.378561088316957228e+00
-1.035519945358086558e+00
-1.714262000294528132e+00
-3.396561788813960425e-01
-4.929834375969431859e-01
4.210715366734958387e-01
-9.347849854159840932e-01
4.186225813601524015e-01
3.445053479573257915e-01
-1.074958369977327965e+00
3.372874324519812284e-01
-1.021438838185106279e+00
-1.588088128398660037e-01
1.889261862442572493e-01
1.273269260501819211e+00
-9.635641422160310388e-01
-7.588902683346759881e-01
-1.255900692826023457e+00
-7.183229441607679178e-01
-7.477193442220346764e-01
-3.803439581460644203e-01
9.732417204418987167e-01
2.754204556367659609e-02
-8.535056570775595430e-01
-7.895056157679551934e-01
-1.556541047956345958e+00
4.602337582049383369e-01
-8.153338512618134581e-01
-1.891317307335246278e-01
-3.450148211939250281e-02
4.884011231207180948e-01
-4.352400863268859887e-01
-2.139940367024273371e+00
-4.729246871007010411e-02
-4.016917786257631628e-01
1.017859510126027711e+00
-3.683883845293656201e-01
-1.161189338087142753e+00
2.026966523802538889e-01
8.102827427278520567e-01
1.839581006174994537e-01
-2.665352280483318737e+00
-1.622425329038617026e-01
1.429196275854826892e+00
-2.061747740293719822e-01
-3.548049869289534586e-01
5.578985810175016852e-02
-1.521719911302785277e+00
-4.573132014382150223e-01
-1.064348402623027379e-01
1.817582588171363922e-01
4.021050460740245858e-01
4.059471953250173293e-01
-1.256429461803086900e+00
9.305965532587817668e-01
-1.015248681173331224e+00
1.210626603031597304e+00
-3.569824901096737557e-01
-1.661114412583635680e+00
1.659666234899530857e-01
-8.029186551444710274e-01
-9.297597742574513768e-01
-5.169247793700152416e-01
-2.609279736028720653e-01
6.455589426256529151e-02
-1.580638032333489207e+00
-7.941775860779596297e-01
-1.523544795452627942e-01
-1.630761622147354872e+00
-6.135546451701348047e-01
-1.903991589185299593e-01
-8.474776328239417289e-01
1.414803217083913767e+00
-9.797001627549935254e-02
1.405890589457139184e+00
1.503019473577850595e+00
4.161176143295270413e-01
1.980001378446533788e+00
-5.398727129637687083e-01
-5.680156872887154318e-01
3.299995925826386678e-01
