0.000000000000000000e+00
-4.506999999999999673e+00
-2.554999999999999716e+00
-1.229999999999997762e-01
-2.520999999999999908e+00
6.880000000000001670e-01
-6.929999999999998384e-01
-1.439999999999997948e-01
-4.081999999999999851e+00
1.453000000000000291e+00
-1.269999999999997797e-01
-3.178999999999999826e+00
-1.122999999999999776e+00
-3.533999999999999808e+00
2.814000000000000057e+00
-9.119999999999999218e-01
6.830000000000000515e-01
-1.409999999999999920e+00
-1.991999999999999993e+00
-4.070000000000000284e+00
-1.241000000000000103e+00
-1.824000000000000066e+00
1.175999999999999934e+00
5.850999999999999979e+00
1.778999999999999915e+00
4.495000000000000107e+00
4.275999999999999801e+00
4.692000000000000171e+00
6.771000000000000796e+00
1.666000000000000369e+00
3.685000000000000497e+00
3.241000000000000547e+00
5.605000000000000426e+00
5.291000000000000369e+00
2.682000000000000384e+00
7.474000000000000199e+00
1.908999999999999808e+00
6.043999999999999595e+00
4.023999999999999133e+00
5.153999999999999027e+00
4.426999999999998714e+00
3.561999999999998501e+00
3.036999999999998590e+00
7.147999999999997911e+00
8.817999999999997840e+00
4.961999999999997968e+00
1.096999999999999886e+01
1.022499999999999964e+01
1.342200000000000060e+01
1.399900000000000055e+01
1.769200000000000017e+01
2.396499999999999986e+01
3.813100000000000023e+01
6.628300000000000125e+01
9.747700000000000387e+01
1.293449999999999989e+02
1.553280000000000030e+02
1.909430000000000121e+02
1.967280000000000086e+02
1.816129999999999995e+02
1.595569999999999879e+02
1.069839999999999804e+02
7.861499999999998067e+01
3.348899999999998300e+01
2.060899999999998045e+01
1.480599999999997962e+01
7.865999999999979231e+00
7.437999999999979295e+00
7.285999999999979160e+00
