60503.633288111094 8.800998330116272e-06 0.027229572
60503.6334033111 9.953280352056026 0.032923352
60503.63351851109 9.95327909477055 0.03145002
60503.6336337111 9.953280980698764 0.027643213
60503.63374891109 9.95327909477055 0.029254867
60503.633864111085 9.953279723413289 0.04069164
60503.63397931109 9.953280352056026 0.037897144
60503.63409451109 9.953280352056026 0.03869523
60503.63420971109 9.953279723413289 0.043410875
60503.634324911094 9.953280352056026 0.05343585
60503.6344401111 9.953280352056026 0.06948296
60503.634555311095 9.953279723413289 0.11021357
60503.634670511085 9.95327909477055 0.15440503
60503.63478571109 9.953280352056026 0.16142772
60503.634900911085 9.953279723413289 0.1501589
60503.63501611109 9.953280352056026 0.1197979
60503.635131311086 9.953279723413289 0.10594199
60503.63524651109 9.953280352056026 0.09233082
60503.63536171109 9.953279723413289 0.09403473
60503.63547691109 9.953280352056026 0.09729409
60503.635592111095 9.953280352056026 0.09960865
60503.63570731109 9.953279723413289 0.10613574
60503.635822511096 9.953280352056026 0.10408933
60503.635937711086 9.95327909477055 0.107876115
60503.6360529111 9.953280980698764 0.108651645
60503.63616811109 9.95327909477055 0.11431322
60503.63628331109 9.953280352056026 0.11792579
60503.63639851109 9.953279723413289 0.1209744
60503.63651371109 9.953280352056026 0.1310802
60503.63662891109 9.953279723413289 0.13047509
60503.63674411109 9.953280352056026 0.13786943
60503.6368593111 9.953280352056026 0.1446435
60503.63697451109 9.953279723413289 0.15522866
60503.6370897111 9.953280352056026 0.15785132
60503.637204911094 9.953279723413289 0.16623448
60503.6373201111 9.953280352056026 0.1610301
60503.63743531109 9.95327909477055 0.16805142
60503.637550511085 9.953279723413289 0.1733451
60503.63766571109 9.953280352056026 0.1758209
60503.637780911085 9.953279723413289 0.17689769
60503.63789611109 9.953280352056026 0.17770071
60503.63801131109 9.953280352056026 0.18216361
60503.63812651109 9.953279723413289 0.18235031
60503.638241711094 9.953280352056026 0.19163461
60503.6383569111 9.953280352056026 0.19786055
60503.638472111095 9.953279723413289 0.18918896
60503.638587311085 9.95327909477055 0.19436347
60503.63870251109 9.953280352056026 0.19388844
60503.638817711086 9.953279723413289 0.20060292
60503.63893291109 9.953280352056026 0.20432305
60503.63904811109 9.953279723413289 0.20834205
60503.63916331109 9.953280352056026 0.21276948
60503.639278511095 9.953280352056026 0.21383029
60503.63939371109 9.953279723413289 0.23126727
60503.639508911096 9.953280352056026 0.2323865
60503.63962411109 9.953279723413289 0.23378226
60503.6397393111 9.953280352056026 0.24197292
60503.639854511086 9.95327909477055 0.24855201
60503.6399697111 9.953280980698764 0.24506682
60503.64008491109 9.95327909477055 0.24087399
60503.64020011109 9.953280352056026 0.23837504
60503.64031531109 9.953279723413289 0.2394665
60503.64043051109 9.953280352056026 0.2375594
60503.64054571109 9.953279723413289 0.24045536
60503.64066091109 9.953280352056026 0.23549487
60503.6407761111 9.953280352056026 0.24091524
60503.64089131109 9.953279723413289 0.245298
60503.6410065111 9.953280352056026 0.24685183
60503.64112171109 9.95327909477055 0.24358068
